House 1

86.76% agreement
[[82  0  0  0  0  0  0  1  0  0  0  1  0  0  0  0  0  0  0  0]
 [ 0  0  0  0  0  0  1  0  0  0  0  0  0  0  0  0  0  0  0  0]
 [ 0  0  1  0  0  0  0  0  0  0  0  0  0  0  0  0  0  0  0  0]
 [ 0  0  0 27  0  0  0  0  0  0  0  1  0  0  0  0  0  1  0  0]
 [ 0  0  0  0 49  0  0  0  0  0  0  0  0  0  0  0  0  1  0  0]
 [ 0  0  0  0  0  0  0  2  0  0  0  0  0  0  0  0  0  0  0  0]
 [ 0  0  0  0  0  0  1  0  0  0  0  0  0  0  0  0  0  0  0  0]
 [ 0  0  0  0  0  0  0 39  0  0  0  0  0  0  0  0  0  0  0  0]
 [ 1  0  0  0  0  0  0  0  0  0  0  0  0  0  0  0  0  0  0  0]
 [ 0  0  0  0  0  0  1  0  0  0  0  0  0  0  0  0  0  0  0  0]
 [ 0  0  0  0  0  0  0  0  0  0  0  0  0  0  0  0  0  0  0  0]
 [ 2  0  0  0  0  0  0  0  0  0  0 15  0  0  0  0  0  0  3  0]
 [ 0  0  0  0  0  0  0  0  0  0  0  4  0  0  0  0  0  0  1  0]
 [ 0  0  0  0  0  0  1  0  0  0  0  0  0  0  0  0  0  0  0  0]
 [ 0  0  0  1  0  0  0  0  0  0  0  0  0  0 11  0  0  0  0  0]
 [ 0  0  0  0  0  0  0  0  0  0  0  1  0  0  0  1  0  0  0  0]
 [ 0  0  0  0  0  0  0  0  0  0  0  1  0  0  1  0  0  0  4  1]
 [ 0  0  0  0  0  0  0  4  0  0  0  0  0  0  0  0  0 43  2  0]
 [ 0  0  0  0  0  0  0  0  0  0  1  7  0  0  0  0  0  1 39  2]
 [ 0  0  0  0  0  0  0  0  0  0  0  0  0  0  0  0  0  0  0  0]]
Cohen's Kappa:
0.7047344654414018

House 2
77.06% agreement
[[49  0  0  0  0  0  0  2  0  0  0  0  0  0]
 [ 0  1  0  0  0  0  0  0  0  0  0  0  0  0]
 [ 0  0 23  0  0  0  0  3  0  0  0  0  0  0]
 [ 1  0  0 40  0  0  0  0  0  0  0  0  0  0]
 [ 0  0  0  0  2  0  0  1  0  0  0  0  0  0]
 [ 0  0  0  0  0 32  0  0  0  0  0  0  0  0]
 [ 2  0  0  0  0  0  0  0  0  0  0  0  0  0]
 [ 6  0  0  0  0  0  0 18  0  0  0  0  0  0]
 [ 0  0  0  0  0  0  0  1  0  0  0  0  0  0]
 [ 0  0  0  0  0  0  0 24  0  0  0  0  0  6]
 [ 0  0  0  0  0  0  0  0  0  0 11  0  0  0]
 [ 0  0  0  0  1  0  0  1  0  0  0  1  0  0]
 [ 0  0  0  0  0  1  0  2  0  0  0  0 37  2]
 [ 1  0  0  0  0  0  0 20  0  0  0  0  1 38]]
Cohen's Kappa:
0.6380157295020092
