House 1

95.85% agreement
[[73  0  0  0  0  0  0  0  0  0  0  0  0  0  0  0  0]
 [ 0  1  0  0  0  0  0  0  0  0  0  0  0  0  0  0  0]
 [ 0  0 18  0  0  0  1  0  0  0  0  0  0  0  0  0  0]
 [ 0  0  0 45  0  0  1  0  0  0  0  0  0  0  0  0  0]
 [ 0  0  0  0  1  0  0  0  0  0  0  0  0  0  0  0  0]
 [ 0  0  0  0  0  1  0  0  0  0  0  0  0  0  0  0  0]
 [ 0  0  0  0  0  0 29  0  0  0  0  0  0  0  0  0  0]
 [ 3  0  0  0  0  0  0  1  0  0  0  0  0  0  0  0  0]
 [ 0  0  0  0  0  0  0  0  2  0  0  0  0  0  0  0  0]
 [ 3  0  2  0  0  0  0  0  0  3  0  0  0  0  0  0  0]
 [ 0  0  0  0  0  0  0  0  0  0  0  1  0  0  0  0  0]
 [ 0  0  0  0  0  0  0  0  0  0  0  0  0  0  0  0  0]
 [ 0  0  0  0  0  1  0  0  0  0  0  0  0  0  0  0  0]
 [ 0  0  0  0  0  0  0  0  0  0  0  0  0  7  0  0  0]
 [ 0  0  0  0  0  0  0  0  0  0  0  0  0  0  3  0  0]
 [ 0  0  0  0  0  0  0  0  0  0  0  0  0  0  0 46  0]
 [ 0  0  0  0  0  0  0  0  0  0  0  0  0  0  0  0 47]]
Cohen's Kappa:
0.7650816866289719

House 2
93.63% agreement
[[75  0  0  0  0  0  0  0  0  0  1  0  0  0  0  0  0  0  0  0]
 [ 0  1  0  0  0  0  0  0  0  0  0  0  0  0  0  0  0  0  0  0]
 [ 0  0  0  0  0  0  0  0  0  0  0  0  0  0  0  0  0  0  0  0]
 [ 0  0  0 20  0  0  1  0  0  0  0  0  0  0  0  0  0  0  0  0]
 [ 0  0  0  0 47  0  1  0  0  0  0  0  0  0  0  0  0  0  0  0]
 [ 0  0  0  0  0  3  0  0  0  0  0  0  0  0  0  0  0  0  0  0]
 [ 0  0  0  1  0  0 28  0  0  0  0  0  0  0  0  0  0  0  0  0]
 [ 1  0  1  0  0  1  0  3  0  0  0  0  0  0  0  0  0  1  0  0]
 [ 2  0  0  0  0  0  0  0  0  0  0  0  0  0  0  0  0  0  0  0]
 [ 1  0  0  0  0  0  0  0  0  0  0  0  0  0  0  0  0  0  0  0]
 [ 1  0  0  0  0  0  0  0  0  0  2  0  0  0  0  0  0  0  0  0]
 [ 1  0  0  0  0  0  0  0  0  0  0  0  0  0  0  0  0  0  0  0]
 [ 0  0  0  0  0  0  0  0  0  0  0  0  4  0  0  0  0  0  0  0]
 [ 0  0  0  0  0  3  0  0  0  0  0  0  0  0  0  0  0  0  0  0]
 [ 0  0  0  0  0  0  0  0  0  0  0  0  0  0 10  0  0  0  0  0]
 [ 0  0  0  0  0  0  0  2  0  0  0  0  0  0  0  3  0  0  0  0]
 [ 0  0  0  0  0  0  0  0  0  0  0  0  0  0  0  1  1  0  0  0]
 [ 0  0  0  0  0  0  0  0  0  0  0  0  0  0  0  0  0  0  0  0]
 [ 0  0  0  1  0  0  0  0  0  0  0  0  0  0  0  0  0  0 46  0]
 [ 0  0  0  0  0  0  0  0  0  0  0  0  0  0  0  0  0  0  0 51]]
Cohen's Kappa:
0.7609346887933093
